TF	statistic	pvalue	zscore	max_auc	re_rank	irwin_hall_pvalue
AR	22.711	1.744e-114	12.369	0.997	0.001	1.338e-08
FOXA1	9.643	2.642e-22	7.496	0.925	0.006	8.562e-07
HOXB13	4.843	6.386e-07	10.928	0.890	0.006	1.219e-06
PIAS1	6.239	2.196e-10	9.983	0.889	0.006	1.219e-06
TLE3	3.002	1.339e-03	11.721	0.838	0.019	2.939e-05
SUMO2	3.576	1.747e-04	7.810	0.821	0.020	3.478e-05
FOXM1	4.797	8.055e-07	3.518	0.821	0.020	3.871e-05
NKX3-1	2.337	9.732e-03	10.078	0.928	0.020	3.871e-05
ERF	2.838	2.272e-03	7.513	0.847	0.021	4.293e-05
ERG	4.074	2.307e-05	3.472	0.823	0.022	4.515e-05
ARRB1	2.339	9.668e-03	7.063	0.857	0.026	8.132e-05
HDAC3	1.941	2.615e-02	7.789	0.874	0.030	1.239e-04
MRE11A	2.301	1.071e-02	7.070	0.825	0.031	1.330e-04
PR	2.873	2.035e-03	4.832	0.811	0.033	1.681e-04
ASH2L	2.250	1.224e-02	6.296	0.812	0.038	2.420e-04
NR3C1	1.363	8.637e-02	2.516	0.906	0.063	1.120e-03
CREB1	3.602	1.577e-04	1.140	0.807	0.066	1.302e-03
CASP8AP2	1.566	5.867e-02	2.760	0.798	0.067	1.324e-03
ASCL2	1.557	5.975e-02	3.453	0.797	0.067	1.345e-03
BRCA1	2.460	6.938e-03	1.707	0.792	0.073	1.723e-03
HNF4G	1.113	1.329e-01	5.132	0.863	0.074	1.801e-03
CSNK2A1	1.564	5.893e-02	2.389	0.798	0.074	1.827e-03
TOP1	2.040	2.067e-02	6.953	0.764	0.083	2.577e-03
E2F1	8.220	1.013e-16	0.467	0.812	0.086	2.818e-03
MXD3	1.550	6.058e-02	1.776	0.796	0.087	2.999e-03
ATOH1	1.522	6.399e-02	2.193	0.790	0.088	3.037e-03
ELL2	3.558	1.869e-04	0.586	0.798	0.093	3.590e-03
FEV	1.490	6.806e-02	2.242	0.784	0.095	3.846e-03
ZBTB10	1.530	6.302e-02	1.416	0.791	0.098	4.207e-03
RARG	1.890	2.935e-02	2.289	0.763	0.104	4.993e-03
KDM3A	1.849	3.225e-02	1.920	0.765	0.106	5.421e-03
SOX9	1.530	6.297e-02	1.337	0.778	0.110	5.931e-03
ZNF75A	1.506	6.598e-02	1.200	0.786	0.110	6.048e-03
HOXA1	1.459	7.233e-02	1.260	0.778	0.116	6.979e-03
MEN1	1.707	4.393e-02	2.381	0.749	0.116	7.110e-03
CCDC101	1.747	4.029e-02	2.310	0.749	0.118	7.376e-03
ZNF131	1.610	5.371e-02	0.366	0.813	0.118	7.376e-03
NCAPG	0.865	1.936e-01	2.140	0.815	0.118	7.376e-03
GRHL1	1.367	8.583e-02	2.336	0.766	0.118	7.444e-03
ARID1A	0.541	2.943e-01	6.308	0.891	0.122	8.072e-03
ARNT2	1.394	8.168e-02	1.722	0.769	0.122	8.216e-03
FOXG1	1.320	9.342e-02	2.530	0.759	0.123	8.362e-03
IRF3	1.718	4.286e-02	0.682	0.778	0.124	8.659e-03
NFAT5	1.456	7.269e-02	1.028	0.778	0.126	9.040e-03
RBCK1	1.518	6.448e-02	0.639	0.789	0.127	9.195e-03
SNAPC1	1.549	6.063e-02	0.518	0.796	0.127	9.195e-03
ELF2	1.628	5.175e-02	0.135	0.821	0.127	9.273e-03
BCL3	5.272	6.757e-08	0.218	0.773	0.129	9.672e-03
GMEB1	1.613	5.333e-02	0.070	0.814	0.133	1.067e-02
TDRD3	1.413	7.889e-02	1.087	0.771	0.134	1.085e-02
VEZF1	1.727	4.205e-02	1.030	0.756	0.136	1.129e-02
EPC1	2.015	2.197e-02	0.125	0.787	0.141	1.269e-02
SRC	0.932	1.757e-01	3.930	0.760	0.142	1.288e-02
PHF6	1.482	6.916e-02	0.452	0.782	0.146	1.389e-02
CTBP1	1.375	8.460e-02	3.084	0.735	0.147	1.420e-02
TRRAP	1.603	5.445e-02	1.317	0.742	0.147	1.430e-02
TCOF1	1.442	7.464e-02	0.576	0.776	0.147	1.441e-02
AGO2	1.233	1.087e-01	2.143	0.749	0.150	1.505e-02
ELK4	2.908	1.821e-03	-0.389	0.812	0.152	1.571e-02
WDHD1	1.479	6.957e-02	2.640	0.730	0.153	1.605e-02
BARX1	1.239	1.077e-01	1.543	0.749	0.156	1.697e-02
NPAT	1.322	9.313e-02	0.899	0.760	0.157	1.733e-02
DEAF1	1.511	6.537e-02	0.107	0.787	0.157	1.744e-02
CREB3L4	1.153	1.244e-01	2.412	0.741	0.160	1.855e-02
DROSHA	1.300	9.673e-02	1.046	0.754	0.161	1.867e-02
HES1	0.846	1.989e-01	2.533	0.755	0.162	1.930e-02
KDM5A	3.116	9.174e-04	-0.569	0.805	0.164	1.969e-02
KAT5	2.452	7.112e-03	-0.249	0.784	0.166	2.075e-02
NFYC	1.496	6.733e-02	0.003	0.785	0.168	2.115e-02
ARNTL	1.649	4.957e-02	-0.133	0.787	0.169	2.156e-02
HCFC1	2.566	5.144e-03	-0.503	0.800	0.169	2.170e-02
C17orf49	1.365	8.618e-02	1.714	0.734	0.170	2.198e-02
ASH1L	1.317	9.386e-02	0.629	0.759	0.171	2.254e-02
MORC2	1.233	1.088e-01	-0.055	0.808	0.173	2.312e-02
DLX1	1.168	1.214e-01	1.387	0.742	0.174	2.370e-02
SIX5	2.369	8.921e-03	-0.122	0.765	0.179	2.582e-02
SREBF2	1.299	9.696e-02	0.493	0.757	0.181	2.660e-02
TTF2	0.705	2.404e-01	2.769	0.747	0.184	2.822e-02
KLF10	1.655	4.901e-02	-0.094	0.767	0.186	2.889e-02
GTF2F1	1.417	7.825e-02	0.110	0.764	0.187	2.922e-02
ZBTB26	1.402	8.039e-02	1.019	0.733	0.187	2.939e-02
NFIA	0.407	3.419e-01	3.460	0.763	0.188	2.973e-02
ZBTB7B	1.234	1.085e-01	0.601	0.749	0.188	2.973e-02
NR0B1	1.179	1.193e-01	0.833	0.743	0.188	3.008e-02
CTBP2	0.777	2.187e-01	0.109	0.842	0.189	3.060e-02
XBP1	0.777	2.185e-01	1.011	0.769	0.190	3.095e-02
OVOL3	1.229	1.095e-01	2.749	0.713	0.192	3.201e-02
TAFII	2.018	2.177e-02	-0.500	0.778	0.193	3.255e-02
MKL2	0.913	1.807e-01	0.917	0.751	0.194	3.273e-02
ETV7	1.067	1.431e-01	1.892	0.731	0.194	3.273e-02
JMJD6	1.534	6.247e-02	0.880	0.722	0.196	3.365e-02
RUVBL1	1.170	1.209e-01	0.688	0.742	0.196	3.403e-02
EHF	0.885	1.882e-01	1.152	0.747	0.198	3.497e-02
SREBF1	1.517	6.460e-02	0.232	0.741	0.201	3.651e-02
ELK1	3.048	1.151e-03	-0.899	0.789	0.202	3.711e-02
GRHL2	-0.151	5.602e-01	2.613	0.801	0.202	3.730e-02
GATAD1	1.424	7.719e-02	0.610	0.731	0.202	3.730e-02
SMARCA5	0.092	4.635e-01	1.250	0.803	0.205	3.892e-02
ZNF391	1.194	1.162e-01	1.120	0.725	0.207	3.974e-02
GTF2B	4.065	2.398e-05	-1.092	0.799	0.208	4.058e-02
OGT	2.555	5.304e-03	-0.806	0.780	0.209	4.100e-02
HOXA6	1.107	1.343e-01	0.793	0.736	0.209	4.121e-02
MAFB	1.243	1.069e-01	0.074	0.750	0.211	4.250e-02
ZNF610	1.493	6.766e-02	0.478	0.727	0.212	4.271e-02
ZNF71	1.245	1.066e-01	0.331	0.740	0.212	4.315e-02
ZNF574	0.977	1.643e-01	1.646	0.722	0.214	4.381e-02
ZBTB1	1.015	1.552e-01	1.537	0.721	0.215	4.493e-02
GATAD2B	1.014	1.554e-01	1.621	0.720	0.216	4.515e-02
KLF3	0.976	1.646e-01	1.369	0.722	0.218	4.675e-02
HAND2	0.845	1.990e-01	5.122	0.711	0.220	4.768e-02
ESR1	-0.386	6.504e-01	2.324	0.809	0.221	4.862e-02
ZNF264	0.924	1.779e-01	1.277	0.724	0.221	4.862e-02
ETS2	1.137	1.278e-01	1.243	0.715	0.221	4.886e-02
SETX	0.948	1.715e-01	1.478	0.720	0.222	4.910e-02
ETV5	1.023	1.532e-01	1.829	0.713	0.222	4.934e-02
ZNF260	0.911	1.811e-01	2.080	0.716	0.223	5.006e-02
RB1	1.786	3.705e-02	-0.412	0.750	0.224	5.030e-02
MYCN	2.214	1.342e-02	-1.167	0.806	0.224	5.055e-02
DPF1	0.842	1.998e-01	2.638	0.711	0.226	5.202e-02
ETV1	0.831	2.029e-01	-0.189	0.792	0.226	5.227e-02
INO80	1.775	3.794e-02	-1.096	0.804	0.228	5.327e-02
U2AF1	3.044	1.169e-03	-1.256	0.796	0.229	5.403e-02
E2F8	0.903	1.834e-01	1.576	0.715	0.232	5.609e-02
ICE2	0.831	2.030e-01	2.417	0.710	0.233	5.662e-02
ZNF324	1.212	1.127e-01	1.303	0.702	0.234	5.741e-02
POLR2M	1.129	1.295e-01	0.243	0.737	0.234	5.767e-02
ZSCAN5A	1.299	9.699e-02	0.293	0.723	0.239	6.120e-02
PTPN11	1.271	1.018e-01	-0.327	0.754	0.239	6.147e-02
E2F3	0.970	1.659e-01	0.749	0.721	0.240	6.203e-02
NR5A2	0.146	4.420e-01	2.290	0.745	0.240	6.231e-02
GLYR1	0.938	1.742e-01	0.908	0.719	0.242	6.344e-02
MED1	2.587	4.844e-03	-1.629	0.850	0.245	6.602e-02
GREB1	0.709	2.391e-01	2.219	0.713	0.245	6.631e-02
KAT8	1.284	9.949e-02	-0.603	0.765	0.246	6.690e-02
RFX2	1.113	1.328e-01	0.064	0.736	0.246	6.690e-02
USP49	0.792	2.141e-01	2.177	0.707	0.248	6.867e-02
NIPBL	0.323	3.733e-01	-0.071	0.810	0.249	6.957e-02
KDM3B	0.896	1.851e-01	2.172	0.698	0.249	6.957e-02
ZSCAN2	0.774	2.193e-01	2.352	0.705	0.249	6.957e-02
FOXD2	1.126	1.302e-01	-0.008	0.738	0.249	6.957e-02
EZH1	0.916	1.797e-01	-0.380	0.770	0.251	7.109e-02
HOXA4	0.913	1.807e-01	0.793	0.716	0.251	7.139e-02
BCAT1	0.801	2.117e-01	2.460	0.697	0.253	7.325e-02
HBP1	1.171	1.207e-01	0.156	0.722	0.255	7.482e-02
MTA3	0.554	2.899e-01	0.353	0.750	0.255	7.482e-02
TFDP1	1.794	3.641e-02	-1.272	0.779	0.258	7.770e-02
CPSF3L	2.098	1.795e-02	-1.379	0.781	0.261	7.999e-02
EMSY	1.564	5.888e-02	-1.383	0.798	0.261	7.999e-02
BARX2	1.449	7.366e-02	-1.083	0.777	0.261	8.032e-02
ZNF641	0.901	1.838e-01	1.138	0.704	0.262	8.099e-02
ZNF580	0.850	1.975e-01	1.924	0.693	0.263	8.165e-02
ZFAT	0.671	2.510e-01	2.440	0.698	0.264	8.300e-02
BCL11B	2.474	6.678e-03	-1.314	0.768	0.265	8.368e-02
SRF	0.621	2.672e-01	0.569	0.734	0.266	8.436e-02
TET1	1.187	1.176e-01	-0.459	0.744	0.266	8.436e-02
L3MBTL4	0.741	2.292e-01	1.684	0.703	0.267	8.540e-02
ESRRA	0.813	2.081e-01	3.019	0.686	0.268	8.678e-02
CBX6	0.608	2.715e-01	0.814	0.721	0.271	8.996e-02
EGLN2	0.625	2.660e-01	2.541	0.694	0.272	9.104e-02
ORC1	1.289	9.868e-02	-0.832	0.756	0.273	9.140e-02
ZNF143	1.804	3.563e-02	-1.401	0.777	0.274	9.285e-02
LANA	1.321	9.328e-02	0.027	0.708	0.275	9.322e-02
GTF3C5	0.810	2.089e-01	0.506	0.718	0.275	9.322e-02
ZNF783	1.084	1.391e-01	-0.196	0.733	0.275	9.359e-02
ZMIZ1	0.740	2.296e-01	0.592	0.719	0.275	9.395e-02
CCND2	0.795	2.132e-01	0.823	0.707	0.276	9.432e-02
ZNF592	0.914	1.804e-01	0.671	0.703	0.276	9.469e-02
SMC1A	-0.545	7.071e-01	1.523	0.769	0.277	9.543e-02
CAMTA2	0.647	2.587e-01	1.896	0.696	0.280	9.844e-02
SRSF3	1.908	2.817e-02	-1.362	0.767	0.280	9.920e-02
MNT	0.767	2.215e-01	-0.430	0.763	0.281	9.958e-02
E2F2	0.691	2.447e-01	1.257	0.699	0.281	9.996e-02
KDM4B	1.385	8.303e-02	-0.685	0.736	0.283	1.023e-01
CBX1	0.814	2.079e-01	0.506	0.711	0.284	1.027e-01
NELFE	4.592	2.194e-06	-2.321	0.814	0.286	1.050e-01
NR2C2	2.506	6.104e-03	-1.679	0.775	0.287	1.062e-01
ZNF687	1.025	1.527e-01	0.296	0.704	0.287	1.062e-01
RBL2	2.976	1.459e-03	-1.472	0.756	0.287	1.066e-01
ZSCAN22	1.894	2.910e-02	-1.474	0.768	0.289	1.090e-01
THAP1	1.141	1.270e-01	-0.636	0.739	0.290	1.095e-01
WDR5	1.074	1.413e-01	-1.495	0.827	0.290	1.099e-01
ZNF701	0.585	2.792e-01	2.132	0.692	0.290	1.099e-01
STAT2	1.129	1.294e-01	-1.120	0.773	0.290	1.103e-01
CDK7	1.365	8.613e-02	-1.400	0.780	0.291	1.107e-01
MECOM	0.584	2.798e-01	1.971	0.692	0.293	1.127e-01
GLI4	1.067	1.429e-01	0.067	0.706	0.293	1.132e-01
HDAC2	0.794	2.135e-01	-1.044	0.795	0.294	1.140e-01
CBX4	0.810	2.091e-01	0.394	0.708	0.294	1.140e-01
ZXDC	0.541	2.944e-01	2.592	0.689	0.295	1.153e-01
CREM	0.604	2.730e-01	1.195	0.697	0.295	1.161e-01
HDAC6	1.236	1.083e-01	-1.060	0.755	0.296	1.165e-01
XRN2	3.429	3.029e-04	-1.687	0.759	0.296	1.170e-01
SPDEF	0.682	2.476e-01	-0.060	0.734	0.297	1.182e-01
KLF13	1.349	8.867e-02	-0.800	0.733	0.301	1.230e-01
FOXK1	0.222	4.122e-01	0.182	0.742	0.302	1.235e-01
ZIC2	1.242	1.071e-01	-1.098	0.750	0.305	1.275e-01
RFX5	1.006	1.572e-01	-0.187	0.715	0.305	1.279e-01
ZNF518A	0.757	2.245e-01	0.653	0.695	0.307	1.297e-01
ZSCAN23	0.800	2.118e-01	0.467	0.698	0.307	1.307e-01
KLF7	1.099	1.359e-01	-0.166	0.707	0.308	1.316e-01
NCOR1	0.908	1.819e-01	-1.334	0.791	0.309	1.325e-01
ZNF639	1.377	8.422e-02	-0.926	0.727	0.312	1.372e-01
BRD4	3.153	8.076e-04	-3.049	0.881	0.313	1.377e-01
E2F4	2.684	3.637e-03	-2.181	0.779	0.313	1.377e-01
KRAB	1.213	1.126e-01	-0.489	0.713	0.313	1.386e-01
GATA2	-2.458	9.930e-01	2.928	0.843	0.315	1.405e-01
NRF1	4.819	7.220e-07	-2.516	0.787	0.315	1.410e-01
DNMT3B	0.201	4.205e-01	-0.459	0.770	0.316	1.420e-01
ZNF8	0.314	3.768e-01	1.019	0.704	0.317	1.429e-01
ZBTB14	0.941	1.734e-01	-0.388	0.719	0.317	1.434e-01
SETDB1	-0.425	6.648e-01	0.738	0.746	0.318	1.444e-01
ZNF346	0.893	1.858e-01	0.142	0.696	0.318	1.449e-01
YBX3	0.807	2.097e-01	0.062	0.704	0.318	1.454e-01
GABPA	3.104	9.550e-04	-2.996	0.816	0.320	1.469e-01
MECP2	1.161	1.229e-01	-0.777	0.724	0.321	1.484e-01
MYC	5.977	1.134e-09	-3.392	0.836	0.321	1.484e-01
ETS1	2.992	1.388e-03	-2.930	0.812	0.321	1.489e-01
ATF1	1.451	7.344e-02	-1.874	0.780	0.322	1.499e-01
NFYA	2.122	1.690e-02	-1.797	0.754	0.324	1.524e-01
CHD1	3.221	6.394e-04	-3.226	0.836	0.325	1.539e-01
PPARD	0.792	2.142e-01	-0.024	0.706	0.325	1.544e-01
DDX21	2.162	1.531e-02	-2.456	0.792	0.325	1.549e-01
RAC3	0.583	2.799e-01	0.700	0.692	0.326	1.555e-01
ZNF483	0.779	2.181e-01	-0.009	0.706	0.326	1.565e-01
CDK9	2.217	1.331e-02	-2.672	0.805	0.327	1.575e-01
FOXO3	0.401	3.441e-01	1.240	0.689	0.327	1.580e-01
DCP1A	2.008	2.234e-02	-2.357	0.785	0.328	1.586e-01
ZNF217	0.336	3.685e-01	2.868	0.675	0.329	1.596e-01
DLX2	0.374	3.540e-01	2.419	0.678	0.329	1.596e-01
POU3F2	0.845	1.992e-01	0.103	0.693	0.329	1.607e-01
MBOAT4	0.647	2.588e-01	0.316	0.696	0.331	1.633e-01
TSHZ1	0.533	2.971e-01	1.247	0.682	0.333	1.654e-01
YY1	3.775	7.985e-05	-3.033	0.793	0.334	1.671e-01
SIN3A	2.614	4.477e-03	-2.614	0.784	0.334	1.676e-01
POLR2A	24.263	2.440e-130	-8.284	0.848	0.336	1.709e-01
FAIRE	0.197	4.220e-01	-0.743	0.770	0.337	1.725e-01
RARA	0.155	4.385e-01	-0.104	0.738	0.338	1.731e-01
MBD2	0.351	3.628e-01	-0.741	0.763	0.338	1.736e-01
ASXL1	0.903	1.832e-01	-0.593	0.715	0.338	1.736e-01
ZNF101	0.054	4.784e-01	0.735	0.707	0.338	1.742e-01
PHF8	4.405	5.281e-06	-3.725	0.807	0.339	1.758e-01
ZNF792	0.819	2.064e-01	0.058	0.691	0.340	1.764e-01
THAP11	0.947	1.719e-01	-0.742	0.720	0.341	1.781e-01
AFF4	3.639	1.370e-04	-2.654	0.771	0.341	1.787e-01
RPE	2.608	4.555e-03	-2.907	0.784	0.343	1.821e-01
MCRS1	1.252	1.053e-01	-1.616	0.751	0.344	1.832e-01
ZNF100	0.645	2.596e-01	0.165	0.693	0.345	1.843e-01
NELFA	4.414	5.066e-06	-5.088	0.812	0.345	1.849e-01
ZNF501	0.825	2.046e-01	-0.093	0.694	0.345	1.849e-01
UBTF	1.362	8.659e-02	-1.584	0.746	0.345	1.849e-01
ZSCAN16	0.053	4.788e-01	1.049	0.697	0.345	1.849e-01
HHEX	0.263	3.961e-01	2.827	0.667	0.346	1.867e-01
ZNF18	0.756	2.249e-01	-0.498	0.718	0.347	1.872e-01
KLF12	1.133	1.287e-01	-1.309	0.738	0.347	1.878e-01
RBBP5	1.659	4.859e-02	-2.303	0.768	0.348	1.901e-01
BRD2	2.759	2.898e-03	-2.822	0.776	0.349	1.913e-01
ZNF547	0.554	2.897e-01	0.323	0.690	0.349	1.913e-01
TAF7	1.318	9.383e-02	-1.223	0.722	0.350	1.925e-01
ZNF558	0.314	3.766e-01	1.067	0.683	0.350	1.937e-01
ZNF343	0.886	1.878e-01	-0.672	0.714	0.351	1.943e-01
PCGF1	0.669	2.519e-01	-1.123	0.755	0.351	1.949e-01
PAF1	3.286	5.078e-04	-4.237	0.804	0.352	1.955e-01
KMT2D	2.588	4.826e-03	-3.480	0.798	0.352	1.967e-01
ZBTB11	2.067	1.936e-02	-2.959	0.785	0.353	1.973e-01
GMEB2	2.257	1.200e-02	-4.181	0.819	0.353	1.984e-01
COPS2	0.729	2.331e-01	-0.205	0.702	0.354	1.990e-01
ZNF528	0.415	3.389e-01	0.812	0.681	0.354	2.003e-01
TCF7	-0.246	5.970e-01	1.196	0.704	0.355	2.009e-01
ZNF430	0.297	3.834e-01	1.514	0.673	0.355	2.015e-01
POLR3A	0.046	4.816e-01	-0.296	0.740	0.356	2.021e-01
HMGN1	1.148	1.255e-01	-1.451	0.740	0.357	2.045e-01
KDM5B	0.367	3.567e-01	-0.589	0.734	0.359	2.082e-01
FOXJ2	0.685	2.467e-01	0.045	0.689	0.361	2.119e-01
LHX2	-0.476	6.831e-01	0.968	0.714	0.362	2.131e-01
SUMO1	-0.433	6.676e-01	1.759	0.699	0.362	2.138e-01
NR1H2	0.397	3.455e-01	0.895	0.674	0.362	2.138e-01
KLF15	1.051	1.467e-01	-1.846	0.767	0.363	2.150e-01
TET3	0.368	3.565e-01	-0.863	0.745	0.363	2.156e-01
SMAD5	1.761	3.911e-02	-2.576	0.767	0.363	2.156e-01
ZNF414	0.743	2.287e-01	-0.166	0.693	0.363	2.156e-01
XCL1	0.564	2.864e-01	0.063	0.690	0.364	2.163e-01
ZNF837	0.478	3.165e-01	-0.021	0.697	0.365	2.188e-01
FOXP3	1.121	1.312e-01	-1.091	0.715	0.366	2.194e-01
EMX1	0.553	2.900e-01	-0.653	0.723	0.367	2.213e-01
CHD7	-0.138	5.551e-01	-0.223	0.740	0.367	2.220e-01
ZNF76	0.992	1.605e-01	-1.742	0.756	0.368	2.232e-01
PPARGC1A	0.386	3.498e-01	0.626	0.678	0.369	2.252e-01
PHIP	1.172	1.205e-01	-1.566	0.738	0.369	2.252e-01
GPS2	0.534	2.968e-01	0.149	0.688	0.369	2.258e-01
MBD1	0.600	2.741e-01	0.046	0.688	0.370	2.277e-01
UHRF2	0.560	2.877e-01	-0.002	0.690	0.370	2.277e-01
FGFR1	1.053	1.462e-01	-1.651	0.746	0.371	2.290e-01
ZNF711	1.193	1.165e-01	-1.793	0.745	0.372	2.303e-01
MKL1	0.840	2.006e-01	-0.826	0.710	0.373	2.323e-01
SUPT5H	1.963	2.482e-02	-5.378	0.803	0.373	2.329e-01
SP140	-0.337	6.319e-01	0.497	0.714	0.374	2.342e-01
ZC3H8	0.387	3.494e-01	-0.201	0.703	0.376	2.375e-01
SAP30	2.062	1.962e-02	-3.345	0.773	0.377	2.395e-01
RBP2	1.605	5.423e-02	-8.121	0.811	0.377	2.395e-01
ELF1	1.975	2.415e-02	-5.185	0.797	0.377	2.402e-01
ETV4	0.423	3.360e-01	0.375	0.679	0.377	2.402e-01
ZNF146	0.203	4.195e-01	0.720	0.678	0.378	2.415e-01
PRDM2	0.789	2.150e-01	-0.483	0.694	0.378	2.422e-01
REPIN1	-0.584	7.204e-01	-0.967	0.822	0.379	2.428e-01
GATA3	-3.943	1.000e+00	2.787	0.769	0.379	2.442e-01
INSM2	0.646	2.591e-01	-0.074	0.685	0.380	2.448e-01
KLF5	0.543	2.934e-01	-0.561	0.709	0.380	2.462e-01
ICE1	0.420	3.374e-01	0.500	0.673	0.380	2.462e-01
ZXDB	0.740	2.296e-01	-0.254	0.688	0.382	2.495e-01
ZKSCAN1	0.374	3.543e-01	-0.053	0.693	0.382	2.502e-01
ZNF83	0.747	2.275e-01	-0.682	0.702	0.384	2.529e-01
CDK6	0.987	1.618e-01	-1.367	0.723	0.385	2.556e-01
KLF9	1.414	7.874e-02	-1.991	0.736	0.387	2.584e-01
ZBTB33	1.337	9.063e-02	-2.874	0.772	0.389	2.625e-01
MCM3	0.507	3.061e-01	0.025	0.682	0.389	2.625e-01
UBE2I	0.381	3.514e-01	0.279	0.678	0.389	2.632e-01
CHD8	-0.605	7.274e-01	-0.273	0.750	0.390	2.639e-01
CDK12	0.585	2.793e-01	-0.379	0.692	0.391	2.673e-01
FOXK2	0.553	2.903e-01	-0.531	0.699	0.393	2.694e-01
TGIF2	0.709	2.391e-01	-0.628	0.695	0.393	2.701e-01
ZNF35	0.135	4.461e-01	1.226	0.663	0.394	2.715e-01
KDM2B	0.342	3.664e-01	-1.427	0.765	0.395	2.743e-01
HEXIM1	0.564	2.864e-01	-0.977	0.719	0.397	2.771e-01
ZBTB40	0.518	3.021e-01	-0.762	0.711	0.397	2.778e-01
HOXA2	0.557	2.887e-01	-0.345	0.690	0.398	2.792e-01
DNMT3A	0.261	3.972e-01	-0.570	0.711	0.398	2.806e-01
AEBP2	0.227	4.100e-01	0.295	0.679	0.398	2.806e-01
FOXP1	-0.886	8.121e-01	-0.918	0.811	0.399	2.821e-01
NANOG	-4.315	1.000e+00	0.409	0.846	0.399	2.828e-01
POLR2B	1.418	7.803e-02	-3.805	0.778	0.400	2.835e-01
ZNF207	-0.131	5.520e-01	0.629	0.684	0.400	2.842e-01
GABP	0.850	1.978e-01	-1.246	0.711	0.400	2.849e-01
TAF3	1.223	1.107e-01	-2.350	0.748	0.400	2.849e-01
ZNF280D	0.507	3.060e-01	-0.010	0.678	0.401	2.856e-01
DRAP1	0.167	4.338e-01	0.732	0.664	0.402	2.878e-01
SPIN1	1.348	8.886e-02	-2.977	0.763	0.403	2.906e-01
ZNF697	-0.568	7.149e-01	0.323	0.709	0.405	2.950e-01
POU2F1	0.075	4.701e-01	1.142	0.658	0.406	2.957e-01
IRAK1	1.087	1.386e-01	-1.866	0.733	0.406	2.957e-01
ZNF189	0.659	2.549e-01	-0.782	0.697	0.406	2.964e-01
CENPC	-0.051	5.202e-01	2.148	0.650	0.407	2.986e-01
CHRM2	-0.308	6.210e-01	-0.706	0.743	0.408	3.000e-01
EGR1	1.047	1.476e-01	-2.452	0.755	0.409	3.029e-01
PATZ1	0.847	1.986e-01	-1.818	0.739	0.410	3.044e-01
FOXA2	-2.690	9.964e-01	2.495	0.738	0.411	3.051e-01
BRD9	-0.075	5.298e-01	0.099	0.690	0.411	3.059e-01
BPTF	0.691	2.449e-01	-0.934	0.699	0.411	3.059e-01
PRKDC	-0.458	6.764e-01	-0.596	0.742	0.411	3.066e-01
SP2	1.543	6.145e-02	-2.725	0.740	0.412	3.073e-01
GLI2	0.744	2.285e-01	-1.976	0.751	0.413	3.110e-01
TAF1	2.369	8.926e-03	-6.184	0.750	0.414	3.132e-01
ZNF44	0.151	4.400e-01	0.540	0.664	0.416	3.154e-01
NONO	-0.064	5.256e-01	0.631	0.670	0.416	3.169e-01
ZNF778	-0.060	5.240e-01	0.592	0.671	0.417	3.176e-01
DIDO1	0.665	2.532e-01	-0.760	0.689	0.419	3.221e-01
EHMT2	-1.955	9.747e-01	0.512	0.750	0.419	3.228e-01
IRAK4	1.099	1.359e-01	-2.177	0.735	0.421	3.258e-01
PHF2	1.700	4.454e-02	-3.893	0.748	0.421	3.273e-01
NR1H3	-0.047	5.185e-01	0.840	0.660	0.421	3.273e-01
ZFX	0.544	2.931e-01	-2.255	0.776	0.422	3.281e-01
ZNF800	-0.110	5.439e-01	1.615	0.649	0.422	3.281e-01
STAT5	-0.194	5.768e-01	-1.063	0.748	0.425	3.341e-01
GTF2E2	0.920	1.787e-01	-1.680	0.717	0.425	3.341e-01
LIN9	0.037	4.852e-01	0.809	0.656	0.425	3.348e-01
NFE2L2	-0.877	8.097e-01	-1.097	0.798	0.425	3.356e-01
DDX5	-0.349	6.365e-01	-0.785	0.739	0.426	3.364e-01
HINFP	0.312	3.775e-01	-1.827	0.765	0.426	3.379e-01
ZNF618	0.161	4.360e-01	0.303	0.664	0.426	3.379e-01
ZNF239	0.376	3.534e-01	-0.158	0.672	0.427	3.401e-01
AHR	-0.548	7.082e-01	2.304	0.661	0.428	3.424e-01
ZNF682	0.427	3.347e-01	-0.321	0.676	0.429	3.439e-01
BTAF1	0.075	4.703e-01	0.537	0.658	0.430	3.447e-01
KLF8	0.687	2.460e-01	-0.919	0.689	0.430	3.454e-01
HDAC1	1.036	1.502e-01	-3.923	0.777	0.431	3.470e-01
ZFP41	0.060	4.760e-01	0.430	0.662	0.431	3.470e-01
MBD4	0.047	4.812e-01	0.524	0.656	0.435	3.562e-01
FXR2	-0.008	5.034e-01	0.718	0.653	0.435	3.569e-01
DNMT1	0.189	4.252e-01	-0.077	0.672	0.436	3.577e-01
ESCO2	0.060	4.762e-01	0.464	0.657	0.437	3.600e-01
SP1	0.495	3.104e-01	-2.435	0.774	0.438	3.631e-01
HIF1A	-0.207	5.821e-01	0.041	0.686	0.440	3.669e-01
CDX2	-0.716	7.631e-01	1.901	0.665	0.440	3.669e-01
RYBP	0.196	4.223e-01	-0.275	0.678	0.440	3.669e-01
MCM7	-0.088	5.350e-01	-0.099	0.684	0.440	3.677e-01
ZNF2	-0.044	5.174e-01	-0.106	0.682	0.441	3.700e-01
SOX13	-0.035	5.140e-01	0.290	0.664	0.442	3.716e-01
NCAPH2	0.623	2.666e-01	-0.960	0.687	0.444	3.755e-01
E2F7	-0.678	7.510e-01	-1.260	0.774	0.445	3.778e-01
ZBTB8A	0.584	2.796e-01	-0.787	0.680	0.445	3.778e-01
SIX4	-0.084	5.335e-01	0.736	0.648	0.446	3.794e-01
TCF7L2	-0.630	7.358e-01	-1.063	0.755	0.447	3.825e-01
ZNF695	0.377	3.532e-01	-0.582	0.678	0.448	3.833e-01
BANP	-0.221	5.875e-01	0.159	0.675	0.449	3.856e-01
ZNF488	-0.178	5.706e-01	0.659	0.656	0.449	3.864e-01
FEZF1	-0.250	5.985e-01	0.941	0.652	0.449	3.872e-01
CLOCK	-0.583	7.202e-01	0.191	0.688	0.450	3.896e-01
ZBTB17	-0.278	6.095e-01	-1.261	0.744	0.451	3.903e-01
GFI1B	-0.222	5.878e-01	-0.040	0.683	0.451	3.911e-01
APOBEC3B	0.010	4.961e-01	0.341	0.654	0.453	3.943e-01
ZNF138	0.066	4.736e-01	0.112	0.658	0.453	3.943e-01
CTCFL	0.124	4.507e-01	-0.141	0.669	0.453	3.958e-01
ZNF423	0.447	3.274e-01	-0.769	0.680	0.454	3.966e-01
REST	-7.533	1.000e+00	-0.085	0.799	0.454	3.974e-01
H2AFX	-0.867	8.072e-01	1.277	0.669	0.454	3.982e-01
BRD3	1.443	7.451e-02	-3.717	0.733	0.455	3.998e-01
ZNF605	-0.274	6.080e-01	1.319	0.637	0.457	4.037e-01
BRPF3	1.619	5.276e-02	-4.146	0.727	0.458	4.061e-01
TBL1X	0.376	3.534e-01	-0.699	0.678	0.459	4.085e-01
KDM5C	1.054	1.459e-01	-2.787	0.731	0.459	4.093e-01
EP400	0.528	2.988e-01	-1.043	0.688	0.460	4.101e-01
ZNF549	-0.373	6.453e-01	1.897	0.632	0.460	4.109e-01
LEF1	0.114	4.546e-01	-2.392	0.777	0.462	4.140e-01
NFATC1	0.693	2.442e-01	-3.036	0.758	0.462	4.140e-01
FXR1	0.961	1.682e-01	-2.467	0.721	0.466	4.228e-01
CUX1	-0.810	7.910e-01	-0.235	0.706	0.466	4.236e-01
ELK3	1.027	1.521e-01	-2.792	0.727	0.466	4.236e-01
HJURP	0.234	4.075e-01	-0.498	0.669	0.466	4.244e-01
MAPK1	0.791	2.144e-01	-2.703	0.740	0.467	4.260e-01
ZSCAN20	0.084	4.666e-01	-0.103	0.659	0.467	4.268e-01
DMC1	-0.557	7.113e-01	2.988	0.621	0.468	4.292e-01
ZNF350	0.268	3.944e-01	-0.621	0.671	0.469	4.308e-01
ZFP37	0.499	3.091e-01	-0.932	0.677	0.471	4.348e-01
VDR	-0.960	8.315e-01	-1.507	0.790	0.472	4.364e-01
NCAPG2	-0.393	6.529e-01	1.356	0.630	0.472	4.380e-01
CSDE1	0.365	3.576e-01	-0.797	0.675	0.473	4.396e-01
TFAP2C	-1.185	8.820e-01	-0.268	0.718	0.475	4.444e-01
SIX1	-0.621	7.327e-01	0.297	0.669	0.479	4.524e-01
ZNF48	-0.165	5.657e-01	0.367	0.644	0.480	4.549e-01
KDM4C	0.793	2.139e-01	-2.058	0.707	0.480	4.557e-01
SATB1	-1.265	8.971e-01	-0.353	0.723	0.481	4.565e-01
TBP	0.799	2.123e-01	-6.342	0.759	0.481	4.565e-01
FAM208A	1.113	1.329e-01	-3.250	0.724	0.481	4.581e-01
LRWD1	-0.489	6.877e-01	1.648	0.625	0.481	4.581e-01
ZNF671	0.032	4.871e-01	-0.153	0.656	0.482	4.597e-01
KLF4	-0.621	7.328e-01	-0.504	0.698	0.485	4.653e-01
NOTCH1	0.165	4.344e-01	-2.319	0.746	0.486	4.686e-01
REL	0.631	2.641e-01	-2.119	0.714	0.486	4.694e-01
ZFP69B	0.500	3.086e-01	-1.269	0.683	0.486	4.694e-01
E2F6	0.442	3.294e-01	-2.528	0.739	0.487	4.710e-01
SP3	0.884	1.884e-01	-2.053	0.696	0.489	4.742e-01
PRDM11	0.034	4.864e-01	-2.203	0.747	0.490	4.782e-01
CHD2	0.814	2.079e-01	-3.129	0.731	0.492	4.815e-01
AUTS2	1.068	1.428e-01	-4.434	0.731	0.492	4.831e-01
HDAC8	0.598	2.748e-01	-1.491	0.688	0.492	4.831e-01
BRD1	1.063	1.438e-01	-4.262	0.730	0.493	4.847e-01
ZNF202	-0.749	7.730e-01	-0.926	0.719	0.494	4.871e-01
WT1	0.087	4.655e-01	-0.648	0.665	0.495	4.888e-01
NBN	0.285	3.878e-01	-1.389	0.692	0.496	4.904e-01
EP300	-4.841	1.000e+00	-0.307	0.766	0.497	4.928e-01
NKRF	0.888	1.873e-01	-3.003	0.719	0.497	4.936e-01
ZNF654	-0.600	7.257e-01	1.171	0.629	0.498	4.944e-01
ZFP28	-0.681	7.521e-01	1.255	0.631	0.498	4.944e-01
BATF3	-0.357	6.395e-01	0.524	0.633	0.498	4.944e-01
HSF1	0.232	4.082e-01	-3.277	0.767	0.499	4.968e-01
ZNF786	0.250	4.014e-01	-0.981	0.670	0.501	5.017e-01
ZBTB7A	0.634	2.631e-01	-2.924	0.731	0.501	5.025e-01
BMI1	-2.190	9.857e-01	-0.638	0.751	0.501	5.025e-01
DEK	-0.053	5.211e-01	-0.837	0.678	0.503	5.057e-01
ZNF197	0.386	3.498e-01	-1.214	0.673	0.503	5.065e-01
ZEB1	0.363	3.582e-01	-1.982	0.714	0.504	5.082e-01
ZNF692	0.325	3.728e-01	-1.090	0.671	0.504	5.090e-01
KAT7	1.015	1.551e-01	-5.176	0.726	0.505	5.114e-01
SMC3	-2.004	9.775e-01	1.048	0.683	0.506	5.130e-01
AGO1	-0.457	6.762e-01	-0.879	0.694	0.506	5.138e-01
ARID2	0.947	1.719e-01	-3.455	0.717	0.506	5.138e-01
ARID5B	0.435	3.318e-01	-1.396	0.682	0.507	5.146e-01
ZNF664	-0.277	6.091e-01	0.046	0.644	0.509	5.195e-01
ERCC6	-0.293	6.152e-01	-1.498	0.720	0.510	5.227e-01
MLLT3	0.087	4.654e-01	-0.720	0.659	0.510	5.227e-01
SCML2	0.024	4.906e-01	-1.484	0.702	0.510	5.235e-01
WRNIP1	0.115	4.541e-01	-0.777	0.661	0.511	5.243e-01
RBPJ	-0.270	6.064e-01	-2.025	0.741	0.514	5.308e-01
BIRA	-0.710	7.612e-01	-0.026	0.664	0.514	5.324e-01
TAT	-0.133	5.528e-01	-0.217	0.645	0.515	5.332e-01
ZNF611	-0.122	5.485e-01	-0.298	0.646	0.516	5.356e-01
CBX8	-0.114	5.454e-01	-2.148	0.735	0.516	5.364e-01
ARID3A	-0.747	7.724e-01	0.579	0.637	0.518	5.397e-01
AFF1	-0.543	7.063e-01	-1.799	0.739	0.521	5.461e-01
CTCF	-16.068	1.000e+00	0.020	0.733	0.521	5.469e-01
MYBL2	-0.116	5.463e-01	-0.418	0.646	0.523	5.517e-01
NFIL3	-0.478	6.835e-01	0.359	0.626	0.523	5.517e-01
ZNF585B	-0.589	7.219e-01	0.259	0.637	0.524	5.549e-01
SUZ12	-2.829	9.977e-01	-0.618	0.745	0.525	5.557e-01
ATF3	-0.907	8.178e-01	-1.849	0.757	0.526	5.573e-01
JUND	-2.482	9.935e-01	-1.041	0.767	0.526	5.582e-01
GATA6	-3.553	9.998e-01	1.128	0.689	0.526	5.582e-01
TFAP4	-0.397	6.544e-01	-0.454	0.661	0.527	5.598e-01
TRIM28	-4.217	1.000e+00	-0.114	0.730	0.527	5.606e-01
CDC5L	0.223	4.120e-01	-1.174	0.666	0.527	5.606e-01
ZNF287	-0.624	7.335e-01	0.787	0.617	0.527	5.606e-01
TET2	-2.804	9.975e-01	-1.352	0.803	0.528	5.630e-01
OSR2	-0.482	6.850e-01	-0.157	0.650	0.528	5.638e-01
YAP1	-2.978	9.986e-01	-1.048	0.776	0.529	5.646e-01
SIRT1	-1.674	9.529e-01	0.508	0.677	0.529	5.646e-01
RCOR1	-0.432	6.672e-01	-1.486	0.712	0.530	5.662e-01
RXRA	-1.024	8.472e-01	-1.043	0.714	0.530	5.662e-01
ZNF519	0.044	4.824e-01	-0.864	0.656	0.531	5.686e-01
H2AZ	-0.262	6.033e-01	-4.764	0.796	0.531	5.694e-01
GLIS1	-0.640	7.390e-01	-1.526	0.726	0.531	5.694e-01
ZNF674	0.170	4.326e-01	-1.144	0.665	0.531	5.702e-01
MYNN	0.077	4.691e-01	-1.769	0.696	0.535	5.789e-01
CENPT	-1.012	8.443e-01	2.374	0.597	0.535	5.789e-01
ZNF768	-0.137	5.544e-01	-0.543	0.645	0.536	5.813e-01
TRIM24	-1.109	8.662e-01	-1.975	0.769	0.537	5.837e-01
SS18	-0.239	5.944e-01	-1.558	0.703	0.538	5.845e-01
ZFP2	0.268	3.942e-01	-1.385	0.669	0.538	5.861e-01
PRDM6	-0.623	7.333e-01	0.516	0.617	0.539	5.877e-01
ZNF280A	-0.917	8.205e-01	1.300	0.602	0.540	5.901e-01
SMARCC2	0.185	4.266e-01	-1.249	0.662	0.541	5.917e-01
HDAC4	-0.131	5.520e-01	-0.638	0.646	0.542	5.940e-01
SP4	0.356	3.609e-01	-1.580	0.673	0.542	5.948e-01
INTS11	0.270	3.936e-01	-1.757	0.683	0.543	5.956e-01
ZNF273	0.138	4.453e-01	-1.234	0.663	0.543	5.964e-01
ZNF765	-0.757	7.756e-01	0.712	0.610	0.544	5.972e-01
PPARG	-2.357	9.908e-01	-0.871	0.739	0.544	5.980e-01
MXI1	0.822	2.054e-01	-4.050	0.706	0.544	5.988e-01
MYH11	-0.073	5.293e-01	-2.808	0.737	0.544	5.988e-01
RAD51	-0.350	6.367e-01	-1.357	0.691	0.545	5.996e-01
ZNF644	0.180	4.287e-01	-1.452	0.672	0.545	6.004e-01
SOX2	-5.426	1.000e+00	-0.625	0.743	0.545	6.011e-01
ATF2	-1.365	9.139e-01	-1.395	0.740	0.546	6.035e-01
KLF1	0.180	4.288e-01	-3.066	0.727	0.546	6.035e-01
FOXP2	0.139	4.448e-01	-1.358	0.668	0.547	6.051e-01
SMARCC1	-1.412	9.210e-01	-0.659	0.699	0.548	6.074e-01
ZNF366	-0.215	5.853e-01	-0.939	0.663	0.550	6.106e-01
TP73	-2.505	9.939e-01	-0.600	0.723	0.550	6.114e-01
ZNF438	-0.311	6.220e-01	-0.987	0.669	0.551	6.129e-01
GRIP1	-0.954	8.300e-01	-0.069	0.651	0.551	6.145e-01
ZNF93	-0.350	6.367e-01	-0.345	0.633	0.553	6.169e-01
ZNF440	-0.934	8.248e-01	1.026	0.601	0.553	6.176e-01
GTF2A2	-0.160	5.635e-01	-0.719	0.644	0.555	6.215e-01
MBTD1	0.603	2.732e-01	-2.846	0.693	0.557	6.262e-01
GATA4	-5.197	1.000e+00	-0.479	0.729	0.557	6.270e-01
BCLAF1	-0.172	5.683e-01	-1.703	0.693	0.557	6.270e-01
TBL1XR1	-0.177	5.701e-01	-1.614	0.690	0.558	6.293e-01
SETD1A	0.560	2.877e-01	-2.404	0.686	0.559	6.301e-01
HES2	-1.656	9.512e-01	0.541	0.654	0.559	6.309e-01
ZNF394	0.150	4.404e-01	-1.513	0.668	0.562	6.378e-01
ZNF585A	-0.423	6.638e-01	-0.322	0.629	0.563	6.386e-01
CHD4	-0.074	5.296e-01	-1.622	0.682	0.563	6.394e-01
ZNF292	-0.534	7.032e-01	-0.142	0.623	0.563	6.401e-01
EZH2	-6.294	1.000e+00	-0.647	0.735	0.564	6.409e-01
PRDM12	-0.821	7.943e-01	0.424	0.607	0.564	6.417e-01
HIC1	0.047	4.811e-01	-1.358	0.662	0.564	6.417e-01
ZNF788	-0.645	7.407e-01	-0.208	0.635	0.565	6.448e-01
CBX2	-0.547	7.077e-01	-0.160	0.622	0.566	6.463e-01
KLF6	0.574	2.831e-01	-2.934	0.691	0.567	6.486e-01
PRAME	0.361	3.589e-01	-2.016	0.677	0.569	6.524e-01
GLIS2	0.231	4.087e-01	-1.830	0.671	0.570	6.547e-01
PAX6	-1.216	8.879e-01	-0.400	0.669	0.571	6.562e-01
MLLT1	-0.119	5.474e-01	-3.050	0.726	0.571	6.570e-01
ZNF281	0.394	3.468e-01	-2.267	0.679	0.571	6.570e-01
KLF17	0.270	3.938e-01	-1.852	0.670	0.572	6.585e-01
HMGN3	0.494	3.106e-01	-2.529	0.685	0.573	6.600e-01
RNF2	-2.329	9.901e-01	-1.311	0.742	0.573	6.608e-01
ZNF140	-1.198	8.846e-01	0.142	0.635	0.573	6.608e-01
ZNF16	-0.487	6.868e-01	-0.966	0.661	0.573	6.608e-01
ATF4	-2.654	9.960e-01	-0.041	0.686	0.574	6.638e-01
ZNF354C	-0.651	7.423e-01	-0.037	0.615	0.575	6.645e-01
JUNB	-1.620	9.474e-01	-2.212	0.771	0.578	6.721e-01
SMAD4	-1.145	8.739e-01	-1.051	0.689	0.582	6.788e-01
HLTF	0.103	4.590e-01	-1.718	0.664	0.583	6.810e-01
INTS12	0.442	3.293e-01	-2.582	0.682	0.583	6.810e-01
KDM1A	-2.430	9.925e-01	-2.518	0.850	0.583	6.818e-01
SMARCA4	-1.520	9.358e-01	-3.845	0.967	0.583	6.825e-01
MAF	-0.692	7.557e-01	-2.338	0.726	0.584	6.832e-01
RELA	-3.001	9.987e-01	-1.925	0.797	0.584	6.840e-01
MAX	-0.780	7.822e-01	-4.088	0.771	0.584	6.840e-01
RUNX2	-1.006	8.429e-01	-0.374	0.646	0.586	6.877e-01
PBX1	-0.661	7.455e-01	-1.807	0.703	0.586	6.884e-01
MED12	-0.594	7.238e-01	-2.036	0.708	0.587	6.891e-01
CDK8	-0.120	5.476e-01	-3.849	0.727	0.587	6.899e-01
ZMYND8	-0.245	5.967e-01	-2.301	0.701	0.587	6.906e-01
MAZ	0.195	4.227e-01	-3.117	0.699	0.588	6.913e-01
ZNF707	-1.093	8.629e-01	-0.431	0.653	0.588	6.921e-01
INTS3	-0.000	5.001e-01	-1.430	0.653	0.589	6.935e-01
LMNA	-1.411	9.209e-01	0.286	0.628	0.591	6.972e-01
PMEL	-0.275	6.084e-01	-2.389	0.700	0.595	7.066e-01
ZNF573	-0.592	7.230e-01	-0.456	0.619	0.596	7.073e-01
ZNF84	-0.788	7.846e-01	-0.131	0.609	0.597	7.095e-01
RAD21	-5.696	1.000e+00	0.157	0.677	0.598	7.124e-01
CBFB	-0.188	5.746e-01	-3.556	0.721	0.601	7.174e-01
SF1	-0.720	7.641e-01	-0.284	0.612	0.601	7.188e-01
PDX1	-1.379	9.161e-01	0.362	0.610	0.603	7.223e-01
ZNF341	0.079	4.686e-01	-1.853	0.661	0.604	7.237e-01
DPF2	-1.114	8.673e-01	-0.973	0.670	0.605	7.258e-01
ZNF248	-1.108	8.661e-01	0.341	0.591	0.605	7.265e-01
NUP98-HOXA9	-1.314	9.056e-01	0.888	0.572	0.606	7.279e-01
NFATC3	-0.184	5.730e-01	-1.275	0.642	0.606	7.279e-01
PGR	-0.989	8.386e-01	0.059	0.598	0.607	7.293e-01
SSRP1	-1.219	8.885e-01	-1.088	0.679	0.607	7.300e-01
RFX1	-1.396	9.187e-01	-3.135	0.772	0.607	7.300e-01
ZNF468	-0.178	5.708e-01	-1.311	0.643	0.608	7.307e-01
TARDBP	-0.309	6.212e-01	-1.924	0.681	0.608	7.314e-01
HEY1	0.512	3.043e-01	-4.519	0.689	0.609	7.328e-01
H3F3B	-0.924	8.221e-01	-0.076	0.602	0.609	7.335e-01
ZNF781	-1.411	9.209e-01	0.069	0.621	0.609	7.342e-01
KDM6A	-0.392	6.524e-01	-1.015	0.631	0.610	7.349e-01
CEBPB	-7.956	1.000e+00	-0.373	0.692	0.610	7.356e-01
DAXX	-1.013	8.446e-01	-0.185	0.615	0.610	7.363e-01
TAL1	-7.626	1.000e+00	-2.281	0.809	0.612	7.390e-01
SON	-0.486	6.866e-01	-0.903	0.626	0.613	7.418e-01
FOS	-3.260	9.994e-01	-1.514	0.741	0.615	7.452e-01
PLRG1	-1.343	9.103e-01	0.265	0.603	0.615	7.452e-01
KMT2B	-0.561	7.124e-01	-0.820	0.621	0.619	7.519e-01
BCL11A	-0.982	8.370e-01	-1.557	0.685	0.621	7.560e-01
ATF7IP	-1.200	8.849e-01	-0.802	0.655	0.621	7.560e-01
HOXC9	-1.613	9.467e-01	0.647	0.588	0.622	7.580e-01
MCM2	-1.279	8.995e-01	0.410	0.576	0.623	7.600e-01
ZNF335	-0.029	5.114e-01	-1.922	0.655	0.623	7.606e-01
TP53	-5.076	1.000e+00	-1.661	0.749	0.624	7.619e-01
FOSL1	-2.460	9.931e-01	-1.733	0.734	0.625	7.646e-01
RUNX1	-5.766	1.000e+00	-2.895	0.868	0.626	7.652e-01
POLR2H	-0.080	5.317e-01	-1.843	0.652	0.627	7.678e-01
ZNF808	-1.569	9.417e-01	1.201	0.543	0.628	7.685e-01
ZNF675	-1.090	8.621e-01	-0.070	0.593	0.629	7.711e-01
BCL6	-1.933	9.734e-01	-1.921	0.728	0.631	7.737e-01
ZNF584	0.010	4.958e-01	-2.176	0.658	0.631	7.737e-01
SPI1	-8.954	1.000e+00	-2.268	0.784	0.631	7.743e-01
GTF3C2	-0.055	5.218e-01	-2.557	0.672	0.634	7.801e-01
ZNF26	-1.140	8.729e-01	-0.058	0.588	0.635	7.813e-01
SCRT1	-1.012	8.443e-01	-1.058	0.649	0.635	7.820e-01
PITX3	-0.817	7.932e-01	-0.641	0.607	0.635	7.820e-01
HNF1A	-1.893	9.708e-01	-0.203	0.641	0.636	7.832e-01
WHSC1	-0.176	5.698e-01	-1.734	0.646	0.636	7.832e-01
HDGF	-0.659	7.451e-01	-2.717	0.704	0.637	7.845e-01
ZNF263	-0.316	6.238e-01	-1.977	0.665	0.637	7.845e-01
ZFP64	-1.015	8.449e-01	-1.708	0.682	0.638	7.870e-01
STAG1	-4.537	1.000e+00	-0.774	0.690	0.638	7.870e-01
CD59	-0.207	5.820e-01	-1.588	0.641	0.638	7.876e-01
POLR3D	-4.904	1.000e+00	-0.984	0.698	0.640	7.907e-01
MAFK	-2.143	9.840e-01	-1.233	0.690	0.641	7.925e-01
ERCC2	-0.577	7.182e-01	-1.061	0.620	0.641	7.925e-01
SMARCA2	-1.725	9.578e-01	0.197	0.603	0.642	7.938e-01
RAG2	0.238	4.059e-01	-3.248	0.669	0.642	7.944e-01
CHD5	-0.923	8.220e-01	-0.593	0.602	0.643	7.956e-01
ZNF441	-0.061	5.242e-01	-2.094	0.650	0.643	7.962e-01
E2F5	-0.101	5.403e-01	-2.165	0.655	0.644	7.968e-01
ZNF24	-0.410	6.593e-01	-3.089	0.694	0.645	7.986e-01
CCNT2	0.183	4.275e-01	-3.070	0.665	0.647	8.017e-01
BHLHE40	-0.623	7.332e-01	-4.287	0.718	0.647	8.023e-01
ERCC3	-0.444	6.713e-01	-1.362	0.628	0.648	8.041e-01
TRIM25	-0.856	8.041e-01	-1.622	0.664	0.650	8.064e-01
KLF11	-0.122	5.487e-01	-2.476	0.664	0.651	8.082e-01
ZBTB48	-2.948	9.984e-01	-1.250	0.697	0.651	8.094e-01
ZNF490	-1.399	9.190e-01	0.163	0.563	0.651	8.094e-01
KDM4A	-1.076	8.590e-01	-1.169	0.648	0.652	8.100e-01
MGEA5	-0.167	5.664e-01	-1.923	0.643	0.654	8.135e-01
ZNF740	-0.220	5.871e-01	-3.439	0.688	0.654	8.140e-01
CBFA2T2	-0.554	7.104e-01	-1.308	0.621	0.654	8.140e-01
KDM1B	-1.441	9.252e-01	0.243	0.559	0.655	8.158e-01
CEBPG	-1.959	9.750e-01	-0.064	0.614	0.656	8.175e-01
STAT1	-1.059	8.552e-01	-3.064	0.716	0.656	8.175e-01
ZNF382	-1.848	9.677e-01	-0.733	0.650	0.656	8.175e-01
CHAMP1	-0.357	6.395e-01	-1.764	0.642	0.658	8.203e-01
ZNF282	-0.389	6.514e-01	-1.731	0.639	0.659	8.220e-01
BATF	-2.060	9.803e-01	-1.092	0.672	0.660	8.226e-01
SIRT6	-0.559	7.120e-01	-1.332	0.621	0.660	8.237e-01
USF2	-0.595	7.240e-01	-3.966	0.704	0.661	8.248e-01
PBX3	-1.169	8.788e-01	-2.581	0.705	0.661	8.254e-01
TEAD4	-3.460	9.997e-01	-1.020	0.686	0.662	8.259e-01
SP7	-0.201	5.795e-01	-2.031	0.645	0.662	8.259e-01
TEAD2	-0.649	7.418e-01	-1.383	0.631	0.662	8.259e-01
ZKSCAN8	-0.030	5.120e-01	-2.731	0.660	0.662	8.265e-01
SMARCB1	-0.792	7.859e-01	-3.101	0.699	0.664	8.287e-01
YBX1	-2.392	9.916e-01	-0.162	0.626	0.664	8.287e-01
CEBPA	-2.917	9.982e-01	-2.386	0.742	0.664	8.298e-01
LMTK3	-1.324	9.072e-01	-0.860	0.630	0.664	8.298e-01
NFE2	-1.198	8.846e-01	-2.872	0.711	0.665	8.309e-01
MEF2C	-0.578	7.185e-01	-1.355	0.620	0.666	8.320e-01
LARP7	-1.516	9.353e-01	-1.391	0.670	0.666	8.325e-01
JUN	-4.539	1.000e+00	-1.464	0.709	0.666	8.325e-01
ZNF623	-0.147	5.585e-01	-2.358	0.650	0.667	8.336e-01
TRAF7	-0.399	6.549e-01	-3.674	0.690	0.667	8.341e-01
ZSCAN29	-0.113	5.451e-01	-2.809	0.660	0.669	8.373e-01
DDX20	-1.091	8.624e-01	-1.493	0.656	0.670	8.379e-01
BANF1	-1.581	9.431e-01	-0.600	0.621	0.670	8.379e-01
NEUROD1	-2.661	9.961e-01	-1.170	0.681	0.671	8.400e-01
PBX2	-0.752	7.738e-01	-2.446	0.679	0.671	8.400e-01
HNF1B	-1.283	9.002e-01	-0.313	0.576	0.672	8.410e-01
ZNF554	-0.439	6.696e-01	-1.676	0.628	0.672	8.415e-01
CEBPD	-0.788	7.847e-01	-2.542	0.683	0.673	8.420e-01
KLF16	-0.871	8.082e-01	-1.184	0.618	0.673	8.431e-01
ZNF586	-1.627	9.481e-01	0.239	0.535	0.675	8.457e-01
SSU72	-1.107	8.657e-01	-0.677	0.591	0.675	8.462e-01
ZBTB6	-0.474	6.821e-01	-2.091	0.648	0.677	8.482e-01
GRHL3	-1.799	9.640e-01	-0.684	0.631	0.677	8.482e-01
NFRKB	0.039	4.846e-01	-3.221	0.657	0.677	8.487e-01
MBD3	-1.202	8.854e-01	-1.728	0.666	0.678	8.492e-01
MAML3	-2.890	9.981e-01	0.688	0.562	0.679	8.512e-01
CBX3	-1.705	9.559e-01	-0.650	0.625	0.679	8.517e-01
TRIM22	-1.193	8.835e-01	-0.907	0.610	0.680	8.522e-01
NCOA1	-0.129	5.514e-01	-2.597	0.649	0.680	8.527e-01
ZNF136	-1.620	9.474e-01	0.093	0.536	0.682	8.547e-01
ZNF133	-1.319	9.064e-01	-0.386	0.572	0.682	8.557e-01
NKX2-1	-2.310	9.896e-01	-0.985	0.656	0.683	8.567e-01
ZBTB42	-0.518	6.976e-01	-1.694	0.624	0.683	8.571e-01
PML	-1.464	9.284e-01	-3.792	0.725	0.684	8.586e-01
ZNF362	-0.893	8.141e-01	-1.312	0.618	0.686	8.605e-01
BRD7	-0.305	6.196e-01	-2.238	0.635	0.689	8.648e-01
MIER1	-0.350	6.369e-01	-2.345	0.645	0.689	8.653e-01
ZNF780A	-0.830	7.969e-01	-1.277	0.607	0.689	8.653e-01
OTX2	-5.955	1.000e+00	-0.537	0.649	0.690	8.657e-01
CREBBP	-1.773	9.619e-01	-3.990	0.738	0.690	8.657e-01
ZNF175	-1.223	8.894e-01	-1.381	0.641	0.691	8.667e-01
ZBTB2	-1.566	9.413e-01	-0.513	0.592	0.691	8.676e-01
KMT2A	-1.568	9.416e-01	-3.946	0.726	0.692	8.680e-01
IRF1	-1.889	9.706e-01	-2.458	0.707	0.692	8.680e-01
CD74	-1.326	9.076e-01	-2.170	0.681	0.693	8.694e-01
GTF2I	-4.349	1.000e+00	-2.270	0.724	0.695	8.722e-01
ORC2	-0.158	5.626e-01	-2.693	0.644	0.695	8.726e-01
USF1	-0.629	7.354e-01	-4.020	0.688	0.696	8.731e-01
ZNF680	-2.649	9.960e-01	-0.508	0.624	0.696	8.731e-01
PARP1	-1.434	9.242e-01	-0.355	0.560	0.696	8.735e-01
STAT3	-1.960	9.750e-01	-1.891	0.689	0.697	8.744e-01
TCF4	-3.187	9.993e-01	-0.995	0.661	0.697	8.749e-01
PAX3	-1.475	9.299e-01	-0.337	0.555	0.698	8.762e-01
ELF3	-1.035	8.497e-01	-1.290	0.613	0.700	8.784e-01
NFIC	-1.062	8.558e-01	-2.174	0.664	0.700	8.788e-01
ZNF750	-0.955	8.303e-01	-1.254	0.600	0.701	8.797e-01
SMAD1	-3.257	9.994e-01	-2.176	0.712	0.702	8.806e-01
ZMYM3	-2.803	9.975e-01	-2.949	0.732	0.702	8.810e-01
PROX1	-0.978	8.360e-01	-1.781	0.642	0.702	8.814e-01
EGR2	-1.231	8.907e-01	-3.192	0.696	0.703	8.827e-01
PRMT1	-1.422	9.225e-01	-0.866	0.601	0.703	8.827e-01
CHAT	-2.191	9.858e-01	0.021	0.553	0.704	8.831e-01
FOSL2	-5.655	1.000e+00	-0.595	0.641	0.704	8.836e-01
POLR2AphosphoS5	-1.026	8.475e-01	-2.097	0.657	0.706	8.857e-01
ZNF304	-0.934	8.249e-01	-1.329	0.601	0.707	8.865e-01
ZNF589	-0.235	5.928e-01	-3.059	0.648	0.708	8.882e-01
NFYB	-0.352	6.377e-01	-4.190	0.668	0.709	8.890e-01
POU2F2	-1.044	8.516e-01	-2.077	0.655	0.709	8.894e-01
ZNF169	-1.289	9.012e-01	-0.793	0.575	0.709	8.894e-01
SMN1	-1.383	9.167e-01	-0.650	0.565	0.710	8.898e-01
ZNF141	-1.186	8.821e-01	-1.024	0.585	0.711	8.914e-01
ZNF17	-1.252	8.947e-01	-0.919	0.579	0.712	8.922e-01
ZEB2	-0.653	7.430e-01	-3.412	0.671	0.714	8.942e-01
PGBD3	-1.113	8.672e-01	-1.099	0.591	0.714	8.942e-01
ING2	-0.176	5.700e-01	-3.113	0.643	0.714	8.942e-01
POU5F1	-5.762	1.000e+00	-0.548	0.630	0.714	8.946e-01
EBF3	-2.263	9.882e-01	-0.323	0.579	0.714	8.946e-01
ZNF134	-0.474	6.823e-01	-2.289	0.626	0.715	8.958e-01
FLI1	-3.375	9.996e-01	-4.018	0.744	0.715	8.962e-01
ZNF182	-1.002	8.418e-01	-1.349	0.598	0.716	8.970e-01
ZNF331	-1.377	9.157e-01	-0.763	0.566	0.716	8.970e-01
ZNF429	-0.893	8.141e-01	-1.496	0.604	0.717	8.978e-01
KDM6B	-0.915	8.198e-01	-1.975	0.635	0.717	8.982e-01
PYGO2	-0.951	8.293e-01	-1.592	0.615	0.717	8.982e-01
TEAD1-TEAD4	-1.121	8.688e-01	-1.140	0.590	0.718	8.986e-01
BRDU	-3.434	9.997e-01	-0.450	0.613	0.718	8.990e-01
DUX4	-2.606	9.954e-01	-0.202	0.575	0.718	8.990e-01
ZKSCAN5	-0.141	5.563e-01	-3.607	0.645	0.719	8.997e-01
ZNF274	-1.974	9.758e-01	-0.397	0.569	0.719	8.997e-01
PCGF2	-1.648	9.503e-01	-0.827	0.595	0.719	9.001e-01
PRDM14	-1.090	8.620e-01	-1.265	0.593	0.720	9.013e-01
CBX5	-1.417	9.217e-01	-1.509	0.634	0.721	9.024e-01
ZNF467	-0.483	6.854e-01	-2.346	0.626	0.721	9.028e-01
EOMES	-2.847	9.978e-01	-0.265	0.583	0.722	9.035e-01
STAT5B	-1.669	9.525e-01	-2.414	0.684	0.724	9.050e-01
CRY1	-1.525	9.363e-01	-0.621	0.549	0.724	9.050e-01
ZBTB16	-1.661	9.516e-01	-2.344	0.679	0.725	9.068e-01
ZNF649	-1.730	9.582e-01	-0.283	0.486	0.725	9.068e-01
BACH1	-0.803	7.889e-01	-2.604	0.651	0.726	9.076e-01
ADNP	-0.605	7.273e-01	-2.455	0.634	0.726	9.076e-01
ZNF823	-1.439	9.249e-01	-0.768	0.559	0.727	9.079e-01
ILK	-1.645	9.500e-01	-0.882	0.590	0.727	9.079e-01
ZBED1	-0.971	8.342e-01	-1.752	0.618	0.727	9.087e-01
PRDM10	-0.532	7.025e-01	-2.582	0.632	0.727	9.087e-01
SMAD2-SMAD3	-2.127	9.833e-01	-1.298	0.639	0.728	9.090e-01
ID3	-0.300	6.178e-01	-3.210	0.641	0.728	9.097e-01
PHOX2B	-1.699	9.554e-01	-0.379	0.517	0.728	9.097e-01
ASCL1	-4.378	1.000e+00	-0.748	0.627	0.729	9.101e-01
NR4A1	-1.266	8.972e-01	-2.559	0.670	0.729	9.101e-01
ZNF600	-0.559	7.119e-01	-2.569	0.632	0.729	9.105e-01
ZNF121	-0.864	8.062e-01	-3.539	0.667	0.735	9.160e-01
SOX11	-2.062	9.804e-01	-0.723	0.580	0.737	9.181e-01
TSC22D4	-2.148	9.841e-01	-1.157	0.621	0.737	9.184e-01
FUS	-1.025	8.474e-01	-1.765	0.615	0.738	9.187e-01
TTF1	-1.281	8.999e-01	-1.420	0.605	0.738	9.194e-01
JARID2	-4.378	1.000e+00	-0.714	0.615	0.739	9.204e-01
BAHD1	-2.649	9.960e-01	-0.371	0.562	0.739	9.204e-01
CTNNB1	-1.657	9.512e-01	-0.625	0.530	0.740	9.207e-01
EWSR1	-1.724	9.576e-01	-1.426	0.630	0.740	9.211e-01
ZNF317	-2.498	9.938e-01	-0.475	0.563	0.743	9.233e-01
IRF9	-1.201	8.852e-01	-1.562	0.607	0.743	9.233e-01
ARNT	-0.849	8.022e-01	-3.792	0.663	0.743	9.240e-01
SMAD3	-4.278	1.000e+00	-1.262	0.647	0.745	9.256e-01
ZNF486	-2.436	9.926e-01	-0.289	0.505	0.746	9.262e-01
HIRA	-1.999	9.772e-01	-1.653	0.646	0.746	9.265e-01
ZNF257	-0.594	7.237e-01	-2.478	0.619	0.746	9.265e-01
GATA1	-6.653	1.000e+00	-2.129	0.690	0.747	9.271e-01
IRF4	-2.885	9.980e-01	-1.521	0.656	0.747	9.274e-01
TERF2	-0.843	8.003e-01	-2.002	0.606	0.747	9.274e-01
CREB3	-0.565	7.138e-01	-3.061	0.633	0.748	9.277e-01
PSIP1	-1.041	8.511e-01	-2.642	0.650	0.748	9.280e-01
NCOR2	-1.231	8.908e-01	-1.966	0.629	0.750	9.293e-01
MEF2A	-1.218	8.884e-01	-2.139	0.634	0.750	9.293e-01
ZNF766	-1.213	8.874e-01	-2.063	0.631	0.750	9.299e-01
TFAP2A	-2.635	9.958e-01	-1.522	0.647	0.753	9.320e-01
PRMT5	-0.973	8.346e-01	-1.850	0.599	0.754	9.332e-01
RING1	-1.769	9.615e-01	-1.432	0.620	0.754	9.332e-01
PAX5	-2.920	9.982e-01	-2.000	0.671	0.756	9.346e-01
TLX1	-1.236	8.919e-01	-1.419	0.581	0.756	9.346e-01
ZNF318	-1.020	8.461e-01	-2.495	0.632	0.760	9.375e-01
FOXH1	-2.105	9.824e-01	-0.931	0.571	0.761	9.383e-01
WWTR1	-1.757	9.606e-01	-1.134	0.583	0.761	9.386e-01
ZNF445	-1.576	9.425e-01	-1.022	0.542	0.762	9.391e-01
BCOR	-1.116	8.679e-01	-3.213	0.657	0.763	9.402e-01
HNF4A	-3.403	9.997e-01	-1.398	0.642	0.763	9.402e-01
HMG20A	-1.515	9.351e-01	-1.105	0.550	0.765	9.413e-01
TCF12	-2.498	9.938e-01	-3.461	0.695	0.765	9.416e-01
NOTCH3	-1.650	9.505e-01	-0.942	0.531	0.765	9.416e-01
STAT5A	-1.189	8.827e-01	-2.141	0.619	0.766	9.424e-01
PTRF	-1.584	9.434e-01	-1.415	0.593	0.766	9.426e-01
MAFF	-1.781	9.625e-01	-1.247	0.584	0.767	9.432e-01
SFPQ	-1.716	9.570e-01	-0.914	0.506	0.769	9.442e-01
RBL1	-0.982	8.369e-01	-2.101	0.599	0.770	9.455e-01
HOXA9	-2.041	9.794e-01	-1.139	0.581	0.771	9.458e-01
LMO1	-0.889	8.129e-01	-2.340	0.604	0.771	9.458e-01
ZNF425	-0.746	7.722e-01	-2.638	0.611	0.772	9.465e-01
HCFC1R1	-1.645	9.500e-01	-1.053	0.532	0.772	9.468e-01
SOX10	-1.629	9.483e-01	-1.074	0.535	0.773	9.475e-01
TERF1	-1.077	8.593e-01	-1.968	0.593	0.774	9.480e-01
PTTG1	-1.647	9.502e-01	-1.406	0.588	0.776	9.493e-01
MYF5	-0.751	7.737e-01	-2.714	0.611	0.777	9.500e-01
HLF	-1.909	9.719e-01	-1.205	0.571	0.777	9.500e-01
EBNA3C	-2.560	9.948e-01	-0.994	0.573	0.778	9.505e-01
ZNF320	-1.607	9.460e-01	-1.732	0.604	0.780	9.519e-01
CDCA2	-1.695	9.550e-01	-1.071	0.518	0.781	9.528e-01
SMAD2	-3.051	9.989e-01	-0.925	0.572	0.783	9.538e-01
MEF2B	-4.261	1.000e+00	-1.326	0.620	0.783	9.540e-01
NFE2L1	-2.671	9.962e-01	-1.058	0.575	0.784	9.547e-01
CNOT3	-1.641	9.496e-01	-1.526	0.588	0.785	9.551e-01
EBNA3	-1.558	9.404e-01	-1.325	0.545	0.785	9.553e-01
TP63	-8.219	1.000e+00	-1.434	0.635	0.785	9.556e-01
SIX2	-3.543	9.998e-01	-0.829	0.567	0.785	9.556e-01
TAZ	-0.701	7.583e-01	-3.073	0.613	0.786	9.558e-01
ZNF534	-0.870	8.077e-01	-2.647	0.605	0.786	9.560e-01
NR2F2	-2.264	9.882e-01	-2.311	0.651	0.787	9.564e-01
TBX21	-2.071	9.808e-01	-1.561	0.606	0.788	9.569e-01
C11orf30	-1.150	8.748e-01	-2.612	0.618	0.793	9.599e-01
ZFP57	-2.380	9.913e-01	-1.016	0.532	0.793	9.603e-01
HMBOX1	-1.023	8.468e-01	-2.399	0.596	0.794	9.607e-01
NME2	-2.414	9.921e-01	-0.969	0.517	0.794	9.607e-01
TEAD1	-3.425	9.997e-01	-0.936	0.563	0.794	9.609e-01
ZNF506	-1.401	9.194e-01	-1.647	0.563	0.794	9.609e-01
PRDM1	-1.839	9.670e-01	-2.200	0.630	0.795	9.611e-01
ZNF22	-1.718	9.571e-01	-1.233	0.505	0.795	9.613e-01
ZNF512	-2.204	9.862e-01	-1.116	0.547	0.796	9.615e-01
RUNX3	-1.339	9.097e-01	-1.830	0.570	0.801	9.643e-01
ZIM3	-2.189	9.857e-01	-1.247	0.548	0.801	9.647e-01
ZNF479	-1.003	8.420e-01	-2.632	0.598	0.803	9.656e-01
SNAI2	-3.295	9.995e-01	-2.286	0.654	0.803	9.658e-01
ZNF597	-1.269	8.977e-01	-2.039	0.577	0.805	9.664e-01
ZNF28	-1.229	8.904e-01	-2.150	0.581	0.805	9.666e-01
LDB1	-1.501	9.333e-01	-1.638	0.552	0.805	9.666e-01
DACOR1	-1.677	9.533e-01	-1.367	0.525	0.805	9.668e-01
SPIB	-3.167	9.992e-01	-1.747	0.624	0.806	9.671e-01
SOX4	-1.882	9.701e-01	-1.785	0.596	0.806	9.671e-01
MEF2D	-1.079	8.596e-01	-3.025	0.612	0.808	9.682e-01
L3MBTL2	-0.974	8.350e-01	-3.858	0.621	0.808	9.682e-01
SCRT2	-0.996	8.403e-01	-3.316	0.614	0.809	9.686e-01
SRCAP	-1.431	9.238e-01	-1.788	0.560	0.809	9.687e-01
ZTA	-2.330	9.901e-01	-1.296	0.540	0.813	9.706e-01
ZNF563	-1.253	8.948e-01	-2.232	0.579	0.813	9.706e-01
EPAS1	-1.297	9.027e-01	-2.144	0.574	0.813	9.708e-01
LEO1	-0.774	7.807e-01	-4.318	0.610	0.814	9.711e-01
ZNF384	-2.328	9.900e-01	-1.771	0.599	0.816	9.721e-01
LMNB1	-1.509	9.344e-01	-1.821	0.551	0.819	9.733e-01
ING5	-0.956	8.304e-01	-3.373	0.600	0.820	9.739e-01
ZNF485	-1.513	9.349e-01	-1.837	0.551	0.822	9.745e-01
ZNF284	-1.626	9.480e-01	-1.687	0.535	0.822	9.747e-01
NFKB1	-1.923	9.728e-01	-2.580	0.627	0.822	9.747e-01
IRF5	-1.703	9.557e-01	-1.517	0.515	0.822	9.748e-01
MTA2	-2.266	9.883e-01	-2.730	0.638	0.828	9.771e-01
MAFG	-1.988	9.766e-01	-1.822	0.564	0.835	9.797e-01
MYOG	-2.307	9.895e-01	-1.526	0.537	0.836	9.802e-01
IKZF2	-1.384	9.168e-01	-3.027	0.604	0.837	9.803e-01
ZNF793	-1.993	9.769e-01	-1.933	0.574	0.837	9.806e-01
ZNF75D	-2.351	9.906e-01	-1.504	0.529	0.838	9.808e-01
EGR3	-1.325	9.074e-01	-2.507	0.571	0.838	9.810e-01
JMJD1C	-2.140	9.838e-01	-2.674	0.623	0.839	9.811e-01
DPPA2	-1.469	9.291e-01	-2.217	0.555	0.839	9.814e-01
CDK2	-2.240	9.875e-01	-1.733	0.554	0.840	9.817e-01
FANCD2	-1.555	9.400e-01	-2.121	0.545	0.843	9.827e-01
TBX5	-3.547	9.998e-01	-1.430	0.555	0.844	9.831e-01
ZNF436	-1.669	9.524e-01	-1.872	0.526	0.845	9.832e-01
FOXO1	-2.746	9.970e-01	-1.926	0.592	0.845	9.833e-01
RXRG	-2.009	9.777e-01	-3.467	0.632	0.848	9.842e-01
SND1	-2.463	9.931e-01	-1.832	0.568	0.849	9.844e-01
TCF7L1	-2.991	9.986e-01	-3.464	0.651	0.849	9.845e-01
MEIS1	-2.781	9.973e-01	-1.643	0.553	0.849	9.845e-01
RUNX1T1	-2.823	9.976e-01	-3.152	0.645	0.850	9.848e-01
MYB	-3.320	9.995e-01	-2.300	0.615	0.853	9.857e-01
EBNA2	-1.488	9.316e-01	-2.469	0.553	0.856	9.865e-01
ETV6	-2.594	9.953e-01	-1.926	0.568	0.858	9.871e-01
TCF21	-2.854	9.978e-01	-1.841	0.568	0.858	9.872e-01
BACH2	-2.408	9.920e-01	-2.528	0.603	0.860	9.877e-01
NFKB2	-1.954	9.747e-01	-2.394	0.571	0.863	9.885e-01
TERC	-3.366	9.996e-01	-1.569	0.527	0.864	9.887e-01
ZNF770	-1.200	8.848e-01	-4.320	0.584	0.866	9.893e-01
PKNOX1	-1.515	9.351e-01	-4.085	0.595	0.875	9.912e-01
MITF	-2.767	9.972e-01	-3.147	0.618	0.880	9.922e-01
NR2F6	-2.164	9.848e-01	-3.475	0.607	0.881	9.924e-01
HOTAIR	-3.349	9.996e-01	-1.884	0.536	0.883	9.928e-01
RELB	-2.670	9.962e-01	-2.534	0.584	0.884	9.930e-01
MYOD1	-2.533	9.943e-01	-2.381	0.565	0.884	9.930e-01
NEUROG2	-4.806	1.000e+00	-2.262	0.584	0.885	9.931e-01
SKI	-1.418	9.219e-01	-3.469	0.561	0.885	9.931e-01
LYL1	-3.969	1.000e+00	-1.945	0.549	0.887	9.935e-01
STAT4	-2.116	9.828e-01	-2.952	0.574	0.891	9.941e-01
EED	-2.964	9.985e-01	-2.646	0.590	0.893	9.944e-01
LMO2	-3.148	9.992e-01	-2.683	0.593	0.893	9.945e-01
SMARCE1	-2.040	9.793e-01	-4.626	0.605	0.893	9.945e-01
ZNF92	-1.529	9.369e-01	-3.687	0.549	0.900	9.956e-01
EBF1	-2.939	9.984e-01	-2.952	0.588	0.903	9.959e-01
NR2F1	-2.524	9.942e-01	-3.809	0.599	0.905	9.962e-01
IKZF1	-4.808	1.000e+00	-3.531	0.607	0.915	9.972e-01
